4.1: 
6 3 315 2 136 3 39 2 79 2 79 2 79 2 79 2 79 2 79 2 79 2 79 2 79 2 79 2 79 2 79 2 79 2 79 2 79 2 79 2 79 2 79 2 79 2 79 2 79 2 79 2 79 2 79 2 79 2 79 2 79 2 79 2 79 2 79 2 79 2 79 2 79 2 79 2 79 2 79 2 79 2 79 2 79 2 79 2 79 2 79 2 79 2 79 2 79 2 79 2 79 2 79 2 79 2 79 2 79 2 79 2 79 2 79 2 79 2 79 2 79 2 79 2 79 2 79 2 79 2 79 2 79 2 79 2 79 2 79 2 79 2 79 2 79 2 79 2 79 2 79 2 79 2 79 2 79 2 79 2 79 2 79 2 79 2 79 2 79 2 79 2 79 2 79 2 79 2 79 2 79 2 79 2 79 2 79 2 79 2 79 2 79 2 79 2 79 2 74.1: 
6 3 315 2 136 3 39 2 79 2 79 2 79 2 79 2 79 2 79 2 79 2 79 2 79 2 79 2 79 2 79 2 79 2 79 2 79 2 79 2 79 2 79 2 79 2 79 2 79 2 79 2 79 2 79 2 79 2 79 2 79 2 79 2 79 2 79 2 79 2 79 2 79 2 79 2 79 2 79 2 79 2 79 2 79 2 79 2 79 2 79 2 79 2 79 2 79 2 79 2 79 2 79 2 79 2 79 2 79 2 79 2 79 2 79 2 79 2 79 2 79 2 79 2 79 2 79 2 79 2 79 2 79 2 79 2 79 2 79 2 79 2 79 2 79 2 79 2 79 2 79 2 79 2 79 2 79 2 79 2 79 2 79 2 79 2 79 2 79 2 79 2 79 2 79 2 79 2 79 2 79 2 79 2 79 2 79 2 79 2 79 2 79 2 79 2 79 2 74.1: 
6 3 315 2 136 3 39 2 79 2 79 2 79 2 79 2 79 2 79 2 79 2 79 2 79 2 79 2 79 2 79 2 79 2 79 2 79 2 79 2 79 2 79 2 79 2 79 2 79 2 79 2 79 2 79 2 79 2 79 2 79 2 79 2 79 2 79 2 79 2 79 2 79 2 79 2 79 2 79 2 79 2 79 2 79 2 79 2 79 2 79 2 79 2 79 2 79 2 79 2 79 2 79 2 79 2 79 2 79 2 79 2 79 2 79 2 79 2 79 2 79 2 79 2 79 2 79 2 79 2 79 2 79 2 79 2 79 2 79 2 79 2 79 2 79 2 79 2 79 2 79 2 79 2 79 2 79 2 79 2 79 2 79 2 79 2 79 2 79 2 79 2 79 2 79 2 79 2 79 2 79 2 79 2 79 2 79 2 79 2 79 2 79 2 79 2 79 2 74.1: 
6 3 36 3 34.1: 
4.1: 
4.1: 
24 5 194.1: 
24 5 196 3 36 3 34.1: 
24 5 196 3 36 3 34.1: 
24 5 196 3 36 3 34.1: 
24 5 196 3 36 3 34.1: 
24 5 196 3 36 3 34.1: 
24 5 196 3 36 3 34.1: 
24 5 196 3 36 3 34.1: 
24 5 196 3 36 3 3